2.0  0.55  4.0  2.0  
3.0  4.0  -4.0  0.0  
-9.5  1.0  20.0  5.0  


1.0  0.275  2.0  1.0  
3.0  4.0  -4.0  0.0  
-9.5  1.0  20.0  5.0  


1.0  0.275  2.0  1.0  
0.0  3.175  -10.0  -3.0  
0.0  3.6125000000000003  39.0  14.5  


1.0  0.275  2.0  1.0  
0.0  1.0  -3.1496062992125986  -0.9448818897637796  
0.0  3.6125000000000003  39.0  14.5  


1.0  0.0  2.866141732283465  1.2598425196850394  
0.0  1.0  -3.1496062992125986  -0.9448818897637796  
0.0  0.0  50.37795275590551  17.913385826771655  


1.0  0.0  2.866141732283465  1.2598425196850394  
0.0  1.0  -3.1496062992125986  -0.9448818897637796  
0.0  0.0  1.0  0.35557986870897157  


1.0  0.0  0.0  0.24070021881838066  
0.0  1.0  0.0  0.17505470459518602  
0.0  0.0  1.0  0.35557986870897157  


