0.866  0.0  -0.5  0.0  0.0  0.0  0.0  
0.5  0.0  0.866  0.0  0.0  0.0  -1000.0  
-0.866  -1.0  0.0  -1.0  0.0  0.0  0.0  
-0.5  0.0  0.0  0.0  -1.0  0.0  0.0  
0.0  1.0  0.5  0.0  0.0  0.0  0.0  
0.0  0.0  -0.866  0.0  0.0  -1.0  0.0  

1.0  0.0  0.0  0.0  0.0  0.0  -500.02200096804256  
0.0  1.0  0.0  0.0  0.0  0.0  433.0190528383249  
0.0  0.0  1.0  0.0  0.0  0.0  -866.0381056766498  
0.0  0.0  0.0  1.0  -0.0  -0.0  -4.8074772256248556E-14  
0.0  0.0  0.0  0.0  1.0  -0.0  250.01100048402128  
0.0  0.0  0.0  0.0  0.0  1.0  749.9889995159788  

1.0  0.0  0.0  0.0  0.0  0.0  -500.02200096804256  
0.0  1.0  0.0  0.0  0.0  0.0  433.0190528383249  
0.0  0.0  1.0  0.0  0.0  0.0  -866.0381056766498  
0.0  0.0  0.0  1.0  -0.0  -0.0  -4.8074772256248556E-14  
0.0  0.0  0.0  0.0  1.0  -0.0  250.01100048402128  
0.0  0.0  0.0  0.0  0.0  1.0  749.9889995159788  

1.0  0.0  0.0  0.0  0.0  0.0  -500.02200096804256  
0.0  1.0  0.0  0.0  0.0  0.0  433.0190528383249  
0.0  0.0  1.0  0.0  0.0  0.0  -866.0381056766498  
0.0  0.0  0.0  1.0  -0.0  -0.0  -4.8074772256248556E-14  
0.0  0.0  0.0  0.0  1.0  -0.0  250.01100048402128  
0.0  0.0  0.0  0.0  0.0  1.0  749.9889995159788  

1.0  0.0  0.0  0.0  0.0  0.0  -500.02200096804256  
0.0  1.0  0.0  0.0  0.0  0.0  433.0190528383249  
0.0  0.0  1.0  0.0  0.0  0.0  -866.0381056766498  
0.0  0.0  0.0  1.0  -0.0  -0.0  -4.8074772256248556E-14  
0.0  0.0  0.0  0.0  1.0  -0.0  250.01100048402128  
0.0  0.0  0.0  0.0  0.0  1.0  749.9889995159788  

1.0  0.0  0.0  0.0  0.0  0.0  -500.02200096804256  
0.0  1.0  0.0  0.0  0.0  0.0  433.0190528383249  
0.0  0.0  1.0  0.0  0.0  0.0  -866.0381056766498  
0.0  0.0  0.0  1.0  -0.0  -0.0  -4.8074772256248556E-14  
0.0  0.0  0.0  0.0  1.0  -0.0  250.01100048402128  
0.0  0.0  0.0  0.0  0.0  1.0  749.9889995159788  

1.0  0.0  0.0  0.0  0.0  0.0  -500.02200096804256  
0.0  1.0  0.0  0.0  0.0  0.0  433.0190528383249  
0.0  0.0  1.0  0.0  0.0  0.0  -866.0381056766498  
0.0  0.0  0.0  1.0  -0.0  -0.0  -4.8074772256248556E-14  
0.0  0.0  0.0  0.0  1.0  -0.0  250.01100048402128  
0.0  0.0  0.0  0.0  0.0  1.0  749.9889995159788  

F1 = -500.02200096804256
F2 = 433.0190528383249
F3 = -866.0381056766498
H2 = -4.8074772256248556E-14
V2 = 250.01100048402128
V3 = 749.9889995159788
